13.118796348571777
9.059628343582153
7.9112825679779055
7.783067569732666
7.7479291343688965
7.733903098106384
7.736959238052368
7.7295611953735355
7.728623514175415
7.723529391288757
7.730349912643432
7.730743923187256
7.729946627616882
7.728430514335632
7.719226241111755
7.722451119422913
7.719952650070191
7.725394315719605
7.716361794471741
7.720401239395142
7.7194984245300295
7.726567621231079
7.711594438552856
7.7155456590652465
7.714649119377136
7.715170044898986
7.718479471206665
7.719454874992371
7.7214229917526245
7.712154417037964
7.711849684715271
7.72368670463562
7.721981682777405
7.712883858680725
7.721591649055481
7.712315793037415
7.712503271102905
7.7220212268829345
7.715218834877014
7.71816339969635
7.719169235229492
7.715111150741577
7.720239520072937
7.708565421104431
7.7135735654830935
7.718065333366394
7.718216667175293
7.716233429908752
7.71118905544281
7.7075676918029785
7.716939635276795
7.717344160079956
7.716111259460449
7.715982351303101
7.719607787132263
7.710597953796387
7.723193187713623
7.710879216194153
7.719149055480957
7.7199057722091675
7.71222186088562
7.71484637260437
7.709441428184509
7.710459671020508
7.720253071784973
7.718492794036865
7.719759650230408
7.710370030403137
7.709396319389343
7.712951216697693
7.717874879837036
7.712785215377807
7.717381405830383
7.712863554954529
7.717352833747864
7.71708568572998
7.714837307929993
7.710506477355957
7.706621537208557
7.7171566200256345
7.709936447143555
7.711741590499878
7.712146801948547
7.714722638130188
7.714777417182923
7.716008958816528
7.713687896728516
7.712253375053406
7.716739864349365
7.719268021583557
7.741868901252746
7.7256116914749144
7.717333831787109
7.7123448944091795
7.705154595375061
7.712805452346802
7.7142920541763305
7.709645090103149
7.7146766662597654
7.709810466766357
7.70904839515686
7.708242955207825
7.715536732673645
7.706965708732605
7.707369446754456
7.709545068740844
7.713303198814392
7.707380743026733
7.705014333724976
7.711011281013489
7.7133660316467285
7.706620483398438
7.710518083572388
7.7106297588348385
7.70813027381897
7.703925766944885
7.70680802822113
7.709886536598206
7.711668019294739
7.718001322746277
7.701828246116638
7.710743761062622
7.705987076759339
7.712000904083252
7.703945565223694
7.703843512535095
7.704617896080017
7.705796408653259
7.7086960887908935
7.707268118858337
7.711414008140564
7.709121699333191
7.718310480117798
7.711481008529663
7.706581468582153
7.707738347053528
7.707435097694397
7.715505514144898
7.707804713249207
7.706706457138061
7.71504798412323
7.710193033218384
7.708930234909058
7.711480708122253
7.706213636398315
7.711534175872803
7.708929452896118
7.715612931251526
7.703557062149048
7.711678447723389
7.709872255325317
7.716458601951599
7.709844784736633
7.700283989906311
7.707633476257325
7.711667513847351
7.706545019149781
7.710001592636108
7.706394925117492
7.706799874305725
7.702655510902405
7.7107451105117795
7.712574830055237
7.7008961582183835
7.711272397041321
7.710731935501099
7.707251758575439
7.715133457183838
7.711496562957763
7.705357584953308
7.708232088088989
7.707647790908814
7.7085529136657716
7.703155369758606
7.700559492111206
7.713282537460327
7.7055903959274294
7.707198505401611
7.723431978225708
7.725363965034485
7.713193883895874
7.710277190208435
7.707008442878723
7.71031551361084
7.708507966995239
7.705265617370605
7.708586473464965
7.705875840187073
7.717019414901733
7.713728160858154
7.706418585777283
7.7105334901809695
7.710260071754456
7.70294105052948
7.704187293052673
7.698150768280029
7.701761183738708
7.70962420463562
7.707185673713684
7.710389294624329
7.704969201087952
7.703683371543884
7.711446604728699
7.712479510307312
7.703000073432922
7.702312879562378
7.7102044439315796
7.700642809867859
7.710458040237427
7.707076559066772
7.703866333961487
7.709786367416382
7.710839428901672
7.70450973033905
7.711645522117615
7.712920351028442
7.702987451553344
7.705691847801209
7.703527727127075
7.712840752601624
7.711898312568665
7.715555610656739
7.708127355575561
7.704488911628723
7.7117241811752315
7.7101811504364015
7.701495475769043
7.70592725276947
7.69789300441742
7.709079694747925
7.7084277057647705
7.705057907104492
7.70315721988678
7.7040510177612305
7.706390862464905
7.713045654296875
7.709583230018616
7.70961100101471
7.710905084609985
7.706942472457886
7.707290306091308
7.711917042732239
7.700177202224731
7.705436210632325
7.705470986366272
7.702026491165161
7.702680931091309
7.701918053627014
7.700543479919434
7.704415550231934
7.714389576911926
7.696934609413147
7.70878867149353
7.709647884368897
7.707626271247864
7.703716583251953
7.704016575813293
7.704146862030029
7.71019856929779
7.70454201221466
7.709795627593994
7.695285196304321
7.706874885559082
7.706234307289123
7.713789229393005
7.7049980735778805
7.7045958042144775
7.70783899307251
7.701190438270569
7.704361610412597
7.705848383903503
7.693870587348938
7.70652539730072
7.711210107803344
7.704956178665161
7.7081507253646855
7.69867693901062
7.702615213394165
7.703051872253418
7.7045102787017825
7.696657257080078
7.698947911262512
7.706758613586426
7.703444719314575
7.7038668489456175
7.704407544136047
7.710625028610229
7.702479510307312
7.716014232635498
7.703295817375183
7.708058404922485
7.708563261032104
7.703722014427185
7.703868556022644
7.702764077186584
7.711918616294861
7.707893557548523
7.709263834953308
7.704955568313599
7.694586129188537
7.704523100852966
7.697007708549499
7.698297643661499
7.698743376731873
7.704989733695984
7.708378801345825
7.711876440048218
7.698533225059509
7.70217737197876
7.700612268447876
7.709524340629578
7.699884123802185
7.706033005714416
7.703134183883667
7.7040346813201905
7.705112166404724
7.708484492301941
7.705246744155883
7.702806420326233
7.705577254295349
7.696053471565246
7.701518406867981
7.703827152252197
7.701835870742798
7.704849514961243
7.7039779901504515
7.703037967681885
7.702241773605347
7.703545308113098
7.702388005256653
7.695678195953369
7.707897191047668
7.704522981643676
7.701768226623535
7.700068202018738
7.703898930549622
7.70173095703125
7.692587609291077
7.703006534576416
7.69781831741333
7.700986223220825
7.708079924583435
7.7029086780548095
7.700319495201111
7.700836148262024
7.706654486656189
7.702201857566833
7.689073414802551
7.707186179161072
7.7048423910140995
7.705741152763367
7.699503192901611
7.7035341691970824
7.704848313331604
7.710009441375733
7.696973023414611
7.702755069732666
7.701720461845398
7.70508873462677
7.7062286853790285
7.698782091140747
7.7014715147018435
7.697639193534851
7.703418602943421
7.7081793737411495
7.701686835289001
7.7041313314437865
7.697859296798706
7.702465133666992
7.699672884941101
7.705239176750183
7.690635681152344
7.705792117118835
7.699325060844421
7.7074293041229245
7.704151182174683
7.708856091499329
7.708627300262451
7.706387414932251
7.6955213499069215
7.707195925712585
7.70576461315155
7.704157676696777
7.703477153778076
7.698952407836914
7.705199909210205
7.703975710868836
7.698888907432556
7.701523327827454
7.7033267593383785
7.698558673858643
7.703267517089844
7.703017702102661
7.700871734619141
7.704379386901856
7.704361853599548
7.700619945526123
7.707271208763123
7.705339064598084
7.699309711456299
7.6984814310073855
7.702172451019287
7.702184300422669
7.702699236869812
7.699631667137146
7.697527632713318
7.704682364463806
7.702074298858642
7.695828628540039
7.694332571029663
7.703459506034851
7.699193077087402
7.700383744239807
7.698235378265381
7.696803622245788
7.701972036361695
7.698890600204468
7.7000605010986325
7.710948719978332
7.6991563892364505
7.7075110912323
7.704504971504211
7.698085079193115
7.704460501670837
7.708311634063721
7.7073945760726925
7.701012902259826
7.697848958969116
7.702977404594422
7.704138083457947
7.702650876045227
7.701825723648072
7.703081064224243
7.703581657409668
7.7021544075012205
7.698915190696717
7.706431136131287
7.700338859558105
7.704961357116699
7.7031796169281
7.707077260017395
7.70215675830841
7.696972479820252
7.706411428451538
7.703070502281189
7.708105268478394
7.696605458259582
7.700826201438904
7.703262643814087
7.707471976280212
7.700891661643982
7.7057092666625975
7.7039085865020756
7.7038885021209715
7.694276576042175
7.702703080177307
7.710962505340576
7.70245936870575
7.70031081199646
7.7027688264846805
7.698640666007996
7.694515686035157
7.705528869628906
7.704663252830505
7.700384035110473
7.706673498153687
7.696401319503784
7.690634198188782
7.702866225242615
7.704378056526184
7.706119923591614
7.697890133857727
7.70613817691803
7.703803939819336
7.705006670951843
7.69993718624115
7.704555168151855
7.698889260292053
7.703218727111817
7.691522650718689
7.696431503295899
7.704428310394287
7.699307570457458
7.695880808830261
7.698758020401001
7.6942155647277835
7.701541428565979
7.694335899353027
7.697496371269226
7.699198474884033
7.697604370117188
7.705402069091797
7.702298469543457
7.7021364498138425
7.703438720703125
7.694699754714966
7.709903883934021
7.700109858512878
7.705776224136352
7.690661244392395
7.699751276969909
7.704784579277039
7.698890104293823
7.695361618995666
7.730453705787658
7.722760534286499
7.706677322387695
7.691275744438172
7.696632614135742
7.699893193244934
7.7044024085998535
7.701891384124756
7.707974805831909
7.703754668235779
7.700764389038086
7.695023560523987
7.696472563743591
7.696279578208923
7.698540186882019
7.703046441078186
7.699657845497131
7.696698107719421
7.698488116264343
7.699757513999939
7.6970413970947265
7.700076169967652
7.693869080543518
7.698744711875915
7.698066449165344
7.705751814842224
7.696099419593811
7.696708855628967
7.693836364746094
7.69659453868866
7.702862410545349
7.6974976539611815
7.696673293113708
7.69995840549469
7.697247109413147
7.699422826766968
7.704170279502868
7.70421459197998
7.697137537002564
7.703954768180847
7.699695701599121
7.701997818946839
7.703411073684692
7.693055934906006
7.696423597335816
7.703152346611023
7.706612510681152
7.694584321975708
7.695514192581177
7.703122878074646
7.6987005138397215
7.704616293907166
7.699843997955322
7.705456972122192
7.706675610542297
7.704604344367981
7.690199379920959
7.695795521736145
7.6988612651824955
7.698836283683777
7.700565400123597
7.69979407787323
7.697782917022705
7.701982092857361
7.696170387268066
7.698705897331238
7.699557967185974
7.698112239837647
7.698768892288208
7.707401437759399
7.70341187953949
7.696838083267212
7.701680603027344
7.698367018699646
7.698493394851685
7.7033568859100345
7.699258589744568
7.695240831375122
7.702638897895813
7.700066065788269
7.702914595603943
7.694468541145325
7.704718351364136
7.7040997409820555
7.694342265129089
7.705886898040771
7.6935501432418825
7.7038566637039185
7.695282669067383
7.709491291046143
7.705216321945191
7.6981382656097415
7.703385291099548
7.692240996360779
7.703814449310303
7.6985793828964235
7.7023227548599245
7.7085515928268435
7.693913884162903
7.695315380096435
7.70862220287323
7.6973054361343385
7.698240923881531
7.6979248905181885
7.695991492271423
7.695450325012207
7.691183304786682
7.69852918624878
7.697163314819336
7.699738116264343
7.702857666015625
7.696609563827515
7.703591527938843
7.694757437705993
7.6993996000289915
7.701764974594116
7.704751353263855
7.705319170951843
7.7101319217681885
7.700058131217957
7.700341353416443
7.698365421295166
7.70227240562439
7.697755203247071
7.699478635787964
7.700622973442077
7.698226394653321
7.696244368553161
7.699028577804565
7.700916538238525
7.697518992424011
7.702416458129883
7.694479742050171
7.694800972938538
7.704304404258728
7.695088224411011
7.705743794441223
7.694758877754212
7.69764319896698
7.705575275421142
7.700573496818542
7.69661322593689
7.701512947082519
7.700138273239136
7.704677872657776
7.695634212493896
7.702233557701111
7.702543797492981
7.686884799003601
7.703335361480713
7.695469250679016
7.702083306312561
7.702945251464843
7.702309165000916
7.697369837760926
7.6982661485672
7.7056323480606075
7.698975820541381
7.703607854843139
7.696793260574341
7.68889434337616
7.694431366920472
7.695785508155823
7.700211906433106
7.702647514343262
7.696777019500733
7.698885178565979
7.701766014099121
7.70391092300415
7.697083420753479
7.696554098129273
7.700488886833191
7.697071690559387
7.694462947845459
7.705991287231445
7.70373423576355
7.701606850624085
7.6994285392761235
7.697242908477783
7.701754612922668
7.691405234336853
7.694589967727661
7.692797727584839
7.699479269981384
7.700889329910279
7.694200587272644
7.70024115562439
7.6949155902862545
7.696426653862
7.702050461769104
7.699028253555298
7.700476040840149
7.695512394905091
7.696356115341186
7.697923150062561
7.6992694902420045
7.701976289749146
7.694477324485779
7.702623929977417
7.701215171813965
7.6926924419403075
7.70210382938385
7.698496541976929
7.701454968452453
7.702469878196716
7.692948966026306
7.696750450134277
7.701947116851807
7.701606550216675
7.69990375995636
7.703023810386657
7.691121597290039
7.698994250297546
7.696417636871338
7.705498270988464
7.698081789016723
7.696354413032532
7.694388704299927
7.703905034065246
7.6926899957656865
7.697309489250183
7.689791460037231
7.703625955581665
7.699685912132264
7.697612352371216
7.699142436981202
7.704982604980469
7.696114258766174
7.699243078231811
7.696200165748596
7.6924788904190065
7.693656873703003
7.702976698875427
7.696271810531616
7.694400119781494
7.702307667732239
7.71002534866333
7.706766476631165
7.704137978553772
7.691138639450073
7.696233549118042
7.698981342315673
7.687667860984802
7.700841760635376
7.701207003593445
7.696585679054261
7.696103415489197
7.70160020828247
7.696344981193542
7.703005962371826
7.700976634025574
7.703986687660217
7.705812225341797
7.700019736289978
7.69718379020691
7.689303159713745
7.7048749923706055
7.701099276542664
7.69554892539978
7.699990634918213
7.692953839302063
7.700888519287109
7.69938591003418
7.7080557250976565
7.698444056510925
7.692058544158936
7.7004059171676635
7.704544658660889
7.697684750556946
7.709641423225403
7.701723165512085
7.701909327507019
7.7014573097229
7.695481519699097
7.692941017150879
7.690375571250915
7.693010740280151
7.6908335828781125
7.689179873466491
7.6939236402511595
7.700130157470703
7.694072651863098
7.696695346832275
7.698254060745239
7.696250162124634
7.701136455535889
7.694852676391601
7.691479187011719
7.700070700645447
7.693024525642395
7.694330735206604
