12.92937183380127
8.952017769813537
7.886897611618042
7.7914732074737545
7.761498141288757
7.7387532091140745
7.725225167274475
7.721438474655152
7.719704055786133
7.712091026306152
7.714343400001526
7.713442945480347
7.715044264793396
7.706504678726196
7.708716526031494
7.711038255691529
7.713460903167725
7.702081575393676
7.702888383865356
7.700323138237
7.704108057022094
7.706585097312927
7.707181134223938
7.703253121376037
7.70361394405365
7.707820663452148
7.709385080337524
7.709027514457703
7.702237362861633
7.706475782394409
7.700500721931458
7.706874923706055
7.705932669639587
7.69964008808136
7.701982793807983
7.700651297569275
7.701912846565246
7.700671863555908
7.701536059379578
7.705721092224121
7.705275521278382
7.701647992134094
7.7118832921981815
7.71068609714508
7.706814508438111
7.692084517478943
7.704030332565307
7.7017224454879765
7.703634128570557
7.702306456565857
7.702799897193909
7.705174913406372
7.694888095855713
7.709603385925293
7.707673406600952
7.698257927894592
7.708064212799072
7.703236832618713
7.69969841003418
7.701086916923523
7.699241104125977
7.706430559158325
7.6989147663116455
7.704137167930603
7.7047466278076175
7.705084509849549
7.698373422622681
7.702040891647339
7.697724418640137
7.702917914390564
7.708163876533508
7.696872825622559
7.7040801525115965
7.70192168712616
7.694472584724426
7.694373879432678
7.7018576669693
7.705850524902344
7.702834215164184
7.706297578811646
7.7036993169784544
7.704823393821716
7.703858504295349
7.706240077018737
7.701807594299316
7.703399376869202
7.7035309600830075
7.69751965045929
7.695615258216858
7.697524614334107
7.703796429634094
7.699572367668152
7.701657829284668
7.702057185173035
7.70708881855011
7.705866613388062
7.700732650756836
7.700479350090027
7.69963798046112
7.704475989341736
7.703139486312867
7.705107874870301
7.705912375450135
7.701158928871155
7.7002133989334105
7.703882961273194
7.705628046989441
7.699347677230835
7.699027318954467
7.700391674041748
7.7113078546524045
7.704121417999268
7.695638799667359
7.695461478233337
7.698887419700623
7.701306948661804
7.701925740242005
7.704550261497498
7.698602743148804
7.698759961128235
7.689553732872009
7.7011778450012205
7.701410827636718
7.699872498512268
7.703163089752198
7.691770596504211
7.698958325386047
7.701796159744263
7.7063134574890135
7.70149817943573
7.702254824638366
7.699024305343628
7.70015257358551
7.6960373878479
7.698077878952026
7.698187971115113
7.698901410102844
7.695119047164917
7.692888145446777
7.701080865859986
7.708729219436646
7.702833213806152
7.695235657691955
7.701374702453613
7.69907790184021
7.695818829536438
7.702703518867493
7.7015701055526735
7.703149728775024
7.696655840873718
7.705064735412598
7.695504932403565
7.697703623771668
7.699744424819946
7.704375238418579
7.70768415927887
7.700328984260559
7.706216974258423
7.697182202339173
7.701797657012939
7.703776354789734
7.70288902759552
7.702996759414673
7.692147264480591
7.701794786453247
7.7008644342422485
7.698883404731751
7.699037261009217
7.702855024337769
7.699836282730103
7.688969025611877
7.701654510498047
7.697217493057251
7.695756430625916
7.698434782028198
7.693696365356446
7.701820421218872
7.69866069316864
7.6997116804122925
7.6988547945022585
7.695495762825012
7.699424810409546
7.7011020421981815
7.701750502586365
7.692563390731811
7.703027396202088
7.695647511482239
7.694166803359986
7.696151509284973
7.702038159370423
7.698553938865661
7.7046735477447506
7.696940188407898
7.696292209625244
7.6944038724899295
7.6938381052017215
7.691645631790161
7.702877116203308
7.693618130683899
7.696840400695801
7.693163442611694
7.689598164558411
7.69682020187378
7.704288649559021
7.705504579544067
7.6947817039489745
7.697992825508118
7.699912319183349
7.70469865322113
7.695253558158875
7.6983331680297855
7.702316517829895
7.697848463058472
7.693317775726318
7.698177638053894
7.69577922821045
7.695037498474121
7.694818534851074
7.69870017528534
7.70010178565979
7.7105855369567875
7.693337111473084
7.6975007915496825
7.700611252784729
7.697138710021973
7.6950487756729125
7.703167753219605
7.69628541469574
7.705971627235413
7.692559061050415
7.70305106639862
7.69667866230011
7.687860417366028
7.706158800125122
7.700458521842957
7.68975296497345
7.695102186203003
7.696224994659424
7.704165954589843
7.697608513832092
7.696086211204529
7.6971262216567995
7.705962719917298
7.704141335487366
7.697280554771424
7.693787288665772
7.700733752250671
7.695999255180359
7.701609554290772
7.702233581542969
7.694754304885865
7.701918387413025
7.691660828590393
7.704467129707337
7.693515477180481
7.700513563156128
7.701156477928162
7.703107557296753
7.696721363067627
7.705018548965454
7.691266021728516
7.699381747245789
7.697232327461243
7.702361903190613
7.698330211639404
7.70070237159729
7.690861024856567
7.698557715415955
7.702605862617492
7.6909441566467285
7.696012773513794
7.6995752334594725
7.701132831573486
7.700601072311401
7.7031356143951415
7.694954237937927
7.6988609790802
7.69362859249115
7.696487402915954
7.694978866577149
7.6994122838973995
7.69792450428009
7.696601195335388
7.700206413269043
7.695942602157593
7.705584807395935
7.697690486907959
7.699927701950073
7.691876792907715
7.704449114799499
7.697592267990112
7.704045095443726
7.692744674682618
7.689786648750305
7.698244690895081
7.6985440969467165
7.700697541236877
7.705486602783203
7.688272981643677
7.695936141014099
7.697207736968994
7.6996672201156615
7.701256546974182
7.696183276176453
7.695822644233703
7.6965143013000485
7.702928385734558
7.698545169830322
7.700156579017639
7.700081105232239
7.698249759674073
7.700282063484192
7.693870792388916
7.698889575004578
7.69604564666748
7.695546879768371
7.692124700546264
7.703478374481201
7.692573304176331
7.698209586143494
7.698780078887939
7.69341471195221
7.699371700286865
7.693230566978454
7.698220090866089
7.696633338928223
7.699520564079284
7.696785435676575
7.692176365852356
7.7604229497909545
7.69966070652008
7.696347751617432
7.705505566596985
7.696900124549866
7.703341040611267
7.696593399047852
7.697942380905151
7.700597710609436
7.702374835014343
7.701022734642029
7.70178258895874
7.691581726074219
7.699837484359741
7.702720894813537
7.700761342048645
7.7022777986526485
7.702581186294555
7.696987652778626
7.698126640319824
7.702466993331909
7.700042424201965
7.7075088548660275
7.700896258354187
7.692037320137024
7.70036901473999
7.7022322034835815
7.706444163322448
7.696134328842163
7.686265487670898
7.701070261001587
7.700449423789978
7.700464248657227
7.695121293067932
7.6970047187805175
7.691987056732177
7.697677531242371
7.70317207813263
7.696699271202087
7.700845160484314
7.691777310371399
7.692026119232178
7.7036180543899535
7.695925459861756
7.701812105178833
7.6984986972808835
7.696907205581665
7.7056731557846065
7.698047342300415
7.7003452110290525
7.700328397750854
7.69086124420166
7.698584666252136
7.692351613044739
7.702502775192261
7.7002528858184816
7.693741998672485
7.689043164253235
7.700072083473206
7.693852300643921
7.696508693695068
7.69815083026886
7.698853797912598
7.6895994329452515
7.698609347343445
7.6946811819076535
7.701753106117248
7.701346340179444
7.696457386016846
7.710390000343323
7.694981069564819
7.697350449562073
7.693053183555603
7.705774602890014
7.692856874465942
7.693927240371704
7.69835747718811
7.696174049377442
7.702630620002747
7.696257629394531
7.699632496833801
7.696767506599426
7.695839428901673
7.693961300849915
7.704229211807251
7.699628081321716
7.703139667510986
7.7034409141540525
7.69797287940979
7.696780910491944
7.695602707862854
7.704185132980347
7.700543932914734
7.696869225502014
7.703071508407593
7.698781046867371
7.6993281412124634
7.690918793678284
7.690773758888245
7.6993172121047975
7.694687309265137
7.6894076681137085
7.6956394672393795
7.69700966835022
7.704737281799316
7.696168818473816
7.696906123161316
7.7017103099823
7.6981523323059085
7.694754033088684
7.695958094596863
7.689611554145813
7.688821263313294
7.693885569572449
7.700775203704834
7.692072534561158
7.695193161964417
7.698308982849121
7.691506414413452
7.688513798713684
7.698740100860595
7.699725937843323
7.7004474973678585
7.687845869064331
7.703583874702454
7.698729395866394
7.69585000038147
7.692973313331604
7.695500330924988
7.692915377616882
7.69518253326416
7.694149127006531
7.70386194229126
7.694441413879394
7.697044148445129
7.7005544900894165
7.6985120820999144
7.691085591316223
7.702051920890808
7.7003697538375855
7.697135043144226
7.705263257026672
7.703663620948792
7.705963702201843
7.698845887184143
7.697862811088562
7.696628932952881
7.693945050239563
7.7056604719161985
7.692342071533203
7.703916206359863
7.6979278516769405
7.7054513692855835
7.695582056045533
7.6967309999465945
7.694344472885132
7.699554023742675
7.700052542686462
7.697955894470215
7.6850234365463255
7.696893692016602
7.694662547111511
7.696414856910706
7.683161826133728
7.706918973922729
7.691172227859497
7.696872682571411
7.698302731513977
7.698885045051575
7.693194971084595
7.699295449256897
7.69639792919159
7.694421720504761
7.703761076927185
7.703512725830078
7.695150442123413
7.6910434913635255
7.708627967834473
7.69168842792511
7.697657613754273
7.694054093360901
7.693110175132752
7.691522488594055
7.693535747528077
7.699689049720764
7.691563739776611
7.6974811840057376
7.70198618888855
7.702117023468017
7.700428242683411
7.697135481834412
7.6932781791687015
7.700006399154663
7.6976045942306515
7.690839204788208
7.7003463983535765
7.69254011631012
7.6970283937454225
7.741898236274719
7.712014169692993
7.705098986625671
7.705639476776123
7.712416605949402
7.713585004806519
7.706156992912293
7.695599808692932
7.698132977485657
7.706575469970703
7.694891810417175
7.731075301170349
7.7048790073394775
7.697402296066284
7.703989553451538
7.711385350227356
7.703735394477844
7.692481207847595
7.694477825164795
7.690182175636291
7.696508989334107
7.688935570716858
7.694028387069702
7.705763378143311
7.700919909477234
7.700531191825867
7.696573929786682
7.694113173484802
7.701242976188659
7.698767104148865
7.6973137950897215
7.701524572372437
7.699273433685303
7.698679456710815
7.70294641494751
7.7026752805709835
7.693892035484314
7.698456625938416
7.705327286720276
7.692632074356079
7.696013126373291
7.694099440574646
7.698411517143249
7.6922659587860105
7.689897837638855
7.690208983421326
7.698307962417602
7.703416023254395
7.696020812988281
7.695292181968689
7.695444889068604
7.6923146820068355
7.68783124923706
7.693166871070861
7.699110269546509
7.700528793334961
7.698863763809204
7.700698051452637
7.698041291236877
7.6899582958221435
7.6890425109863285
7.695044465065003
7.696764097213745
7.688254699707032
7.6947407102584835
7.694504828453064
7.6944596529006954
7.6986830520629885
7.702093276977539
7.69285361289978
7.695988569259644
7.693181772232055
7.694229660034179
7.692959308624268
7.697086005210877
7.69748366355896
7.7000322437286375
7.701511225700378
7.691500363349914
7.699015502929687
7.700735125541687
7.69605320930481
7.698589043617249
7.698771486282348
7.703948612213135
7.695406250953674
7.701152029037476
7.693962531089783
7.699057893753052
7.687067294120789
7.691050372123718
7.690029530525208
7.695465292930603
7.7070539903640745
7.697938237190247
7.693377122879029
7.693893179893494
7.697372450828552
7.6949002027511595
7.691950235366821
7.692661504745484
7.701813530921936
7.695059757232666
7.693375024795532
7.695206112861634
7.69919442653656
7.703341388702393
7.69958263874054
7.700942902565003
7.704309730529785
7.6961057662963865
7.696630449295044
7.697928500175476
7.710442600250244
7.695756692886352
7.698129758834839
7.701467862129212
7.704828090667725
7.691802659034729
7.692120180130005
7.690585627555847
7.693940443992615
7.698400917053223
7.694510545730591
7.6943908786773685
7.691234660148621
7.695911045074463
7.691974196434021
7.69133996963501
7.6889247846603395
7.6914183712005615
7.702934684753418
7.693861126899719
7.6898136854171755
7.703110218048096
7.694655809402466
7.695573377609253
7.691061553955078
7.704548335075378
7.690027599334717
7.690206971168518
7.704118747711181
7.696253137588501
7.703963813781738
7.695683903694153
7.6926835346221925
7.692990183830261
7.702050061225891
7.6961331558227535
7.6948798608779905
7.698533821105957
7.697195630073548
7.701930718421936
7.696272125244141
7.697113013267517
7.702099142074585
7.688534607887268
7.699801030158997
7.693956441879273
7.69154655456543
7.702096667289734
7.690176815986633
7.7028073930740355
7.695040898323059
7.699359202384949
7.6953654384613035
7.6995693826675415
7.697551507949829
7.695057148933411
7.700986952781677
7.698481097221374
7.70130211353302
7.699706435203552
7.69518392086029
7.697237582206726
7.695109419822693
7.701065845489502
7.6965934896469115
7.69662947177887
7.694216065406799
7.693551607131958
7.70336368560791
7.69625828742981
7.688840351104736
7.703514671325683
7.698559908866883
7.694918446540832
7.703567342758179
7.703210415840149
7.698082437515259
7.685712814331055
7.692265877723694
7.6971863174438475
7.705001997947693
7.687093772888184
7.702472553253174
7.702167935371399
7.693395490646362
7.693327755928039
7.705017585754394
7.696154594421387
7.688880062103271
7.700547046661377
7.694523591995239
7.705835275650024
7.698625020980835
7.696994781494141
7.69333345413208
7.70221131324768
7.703633666038513
7.700255422592163
7.692750267982483
7.692598729133606
7.692086081504822
7.695609545707702
7.69612072467804
7.688874897956848
7.6923883295059206
7.699423770904541
7.702300624847412
7.698478927612305
7.698425574302673
7.69545470237732
7.700556168556213
7.704575247764588
7.701458897590637
7.696595907211304
7.698306546211243
7.6950768375396725
7.6943834066390995
7.699223084449768
7.694343028068542
7.6985089635849
7.698163638114929
7.698949122428894
7.691890587806702
7.696573538780212
7.6927504730224605
7.690059161186218
7.701101417541504
7.698650784492493
7.696091494560242
7.701420059204102
7.701130704879761
7.693045740127563
7.709988927841186
7.697962203025818
7.696386213302612
7.7005930471420285
7.695643424987793
7.69734760761261
7.69662793636322
7.696174154281616
7.698900647163391
7.70117115020752
7.703658666610718
7.704442315101623
7.701583518981933
7.6970339059829715
7.700446214675903
7.699341626167297
7.700216016769409
7.705056762695312
7.69765998840332
7.694498014450073
7.697075338363647
7.694095206260681
7.70254949092865
