13.259010314941406
12.101331806182861
9.893020343780517
9.206414222717285
8.72209415435791
8.459280014038086
8.263516998291015
8.162501335144043
8.095392227172852
8.041983366012573
7.9903717041015625
7.969486904144287
7.932310724258423
7.9077879905700685
7.896331548690796
7.892060613632202
7.889416313171386
7.864201021194458
7.843899440765381
7.846405172348023
7.820558500289917
7.832830905914307
7.8318931579589846
7.825829076766968
7.809961223602295
7.808636283874511
7.813378858566284
7.783714866638183
7.795330429077149
7.792377376556397
7.777335691452026
7.785652923583984
7.790630054473877
7.7777495861053465
7.79448504447937
7.779055881500244
7.7859471321105955
7.79224419593811
7.788475751876831
7.766059017181396
7.7937417984008786
7.786402606964112
7.782598066329956
7.786124992370605
7.7877528190612795
7.753605651855469
7.759705686569214
7.786294078826904
7.7657514095306395
7.75640115737915
7.7822675704956055
7.780321550369263
7.761048793792725
7.77603235244751
7.773230123519897
7.76427321434021
7.791107892990112
7.774379396438599
7.77847318649292
7.773531913757324
7.750653409957886
7.77372179031372
7.762285470962524
7.776429653167725
7.762337303161621
7.750514173507691
7.754141521453858
7.775966024398803
7.776572561264038
7.778480482101441
7.770089340209961
7.772781419754028
7.7703629493713375
7.757850408554077
7.769688320159912
7.76826663017273
7.760467052459717
7.77066593170166
7.771842050552368
7.7490826606750485
7.768470430374146
7.767201566696167
7.762458086013794
7.776169157028198
7.756387090682983
7.75028977394104
7.768655824661255
7.758647537231445
7.757282733917236
7.762098121643066
7.775771522521973
7.753538322448731
7.777173757553101
7.766095304489136
7.762629699707031
7.764864826202393
7.754166507720948
7.764833211898804
7.752253198623658
7.765860843658447
7.756520509719849
7.760970973968506
7.767166519165039
7.753186798095703
7.771736574172974
7.754945755004883
7.7694933891296385
7.762637805938721
7.785586547851563
7.759054374694824
7.757767915725708
7.755301427841187
7.760115051269532
7.761945390701294
7.752988624572754
7.757736921310425
7.75718846321106
7.757584285736084
7.757690477371216
7.7556990623474125
7.763984632492066
7.768826246261597
7.788104295730591
7.77256212234497
7.7648684024810795
7.754052829742432
7.764765691757202
7.774537229537964
7.767503786087036
7.751395273208618
7.7587565898895265
7.764628887176514
7.770650959014892
7.779811573028565
7.763051891326905
7.767859888076782
7.76151933670044
7.754222822189331
7.776259088516236
7.7663506984710695
7.753883266448975
7.755349588394165
7.759047317504883
7.75527720451355
7.763563394546509
7.758302879333496
7.765815019607544
7.758145904541015
7.751032590866089
7.740084314346314
7.7721702575683596
7.759741497039795
7.772490835189819
7.779609346389771
7.761361312866211
7.759893369674683
7.774924564361572
7.7663768291473385
7.759660911560059
7.761561632156372
7.767455625534057
7.770362329483032
7.77338924407959
7.7657310962677
7.75957145690918
7.751121091842651
7.780763959884643
7.763049364089966
7.754951858520508
7.767317152023315
7.778006887435913
7.754634666442871
7.76115837097168
7.759565114974976
7.745240497589111
7.787212371826172
7.763999652862549
7.764130306243897
7.757123517990112
7.755353546142578
7.74884786605835
7.762835741043091
7.759463500976563
7.7550043106079105
7.762582540512085
7.76709246635437
7.7660692691802975
7.755041933059692
7.768716764450073
7.763972330093384
7.767150020599365
7.760891580581665
7.7546440124511715
7.759878873825073
7.749194812774658
7.761227369308472
7.765569639205933
7.774757242202758
7.7609271049499515
7.7671332359313965
7.761053371429443
7.757722473144531
7.753417301177978
7.767260217666626
7.746012830734253
7.760970640182495
7.77059121131897
7.748711490631104
7.762119483947754
7.763913154602051
