13.165130615234375
12.550000762939453
10.246000480651855
9.189563083648682
8.70431728363037
8.435165786743164
8.263234710693359
8.143442726135254
8.077985095977784
8.03305549621582
7.989982604980469
7.962629556655884
7.943674468994141
7.918535232543945
7.894599056243896
7.8695642948150635
7.849276113510132
7.821344995498658
7.799546718597412
7.787857866287231
7.774774074554443
7.773082256317139
7.778969621658325
7.7554967403411865
7.763007402420044
7.761691236495972
7.775523471832275
7.758436298370361
7.7586140632629395
7.76645073890686
7.756214952468872
7.752563762664795
7.771470928192139
7.754573726654053
7.765417146682739
7.753270244598388
7.756138324737549
7.756512880325317
7.7479804992675785
7.753319931030274
7.756913375854492
7.748764276504517
7.762501621246338
7.751030111312867
7.759571647644043
7.7586713314056395
7.763157558441162
7.760140132904053
7.747397947311401
7.763248348236084
7.742788791656494
7.756233024597168
7.7537596225738525
7.760226774215698
7.755590581893921
7.7551525115966795
7.758507490158081
7.772212982177734
7.758341550827026
7.7608757495880125
7.755682182312012
7.7539514064788815
7.759282875061035
7.760512828826904
7.764002418518066
7.749901151657104
7.758313322067261
7.756260538101197
7.7517272472381595
7.748829030990601
7.7554535388946535
7.761265659332276
7.767195701599121
7.765012741088867
7.760594844818115
7.749010753631592
7.75394721031189
7.738539791107177
7.745743274688721
7.754335880279541
7.751569604873657
7.760181045532226
7.753325366973877
7.759000444412232
7.750325489044189
7.752373123168946
7.754733514785767
7.7399499893188475
7.756934785842896
7.749580717086792
7.74913182258606
7.7535124778747555
7.743976259231568
7.752733993530273
7.762076759338379
7.753299760818481
7.751252031326294
7.752883768081665
7.752428245544434
7.762524843215942
7.756551694869995
7.746903896331787
7.746021747589111
7.758728742599487
7.750220060348511
